# tof, counts, bg
2.827960088325198740e-12,0.000000000000000000e+00,0.000000000000000000e+00
4.000000000028336444e-01,0.000000000000000000e+00,0.000000000000000000e+00
8.000000000028393288e-01,0.000000000000000000e+00,0.000000000000000000e+00
1.200000000002845013e+00,0.000000000000000000e+00,0.000000000000000000e+00
1.600000000002850697e+00,0.000000000000000000e+00,0.000000000000000000e+00
2.000000000002856382e+00,0.000000000000000000e+00,0.000000000000000000e+00
2.400000000002862066e+00,0.000000000000000000e+00,0.000000000000000000e+00
2.800000000002867750e+00,0.000000000000000000e+00,0.000000000000000000e+00
3.200000000002873435e+00,0.000000000000000000e+00,0.000000000000000000e+00
3.600000000002879119e+00,0.000000000000000000e+00,0.000000000000000000e+00
4.000000000002884804e+00,0.000000000000000000e+00,0.000000000000000000e+00
4.400000000002890488e+00,0.000000000000000000e+00,0.000000000000000000e+00
4.800000000002896172e+00,0.000000000000000000e+00,0.000000000000000000e+00
5.200000000002901857e+00,0.000000000000000000e+00,0.000000000000000000e+00
5.600000000002907541e+00,0.000000000000000000e+00,0.000000000000000000e+00
6.000000000002913225e+00,0.000000000000000000e+00,0.000000000000000000e+00
6.400000000002918910e+00,0.000000000000000000e+00,0.000000000000000000e+00
6.800000000002924594e+00,0.000000000000000000e+00,0.000000000000000000e+00
7.200000000002930278e+00,0.000000000000000000e+00,0.000000000000000000e+00
7.600000000002935963e+00,0.000000000000000000e+00,0.000000000000000000e+00
8.000000000002941647e+00,0.000000000000000000e+00,0.000000000000000000e+00
8.400000000002947331e+00,0.000000000000000000e+00,0.000000000000000000e+00
8.800000000002953016e+00,0.000000000000000000e+00,0.000000000000000000e+00
9.200000000002958700e+00,0.000000000000000000e+00,0.000000000000000000e+00
9.600000000002964384e+00,0.000000000000000000e+00,0.000000000000000000e+00
1.000000000000297007e+01,0.000000000000000000e+00,0.000000000000000000e+00
1.040000000000297575e+01,0.000000000000000000e+00,0.000000000000000000e+00
1.080000000000298144e+01,0.000000000000000000e+00,0.000000000000000000e+00
1.120000000000298712e+01,0.000000000000000000e+00,2.907905125435369682e-03
1.160000000000299281e+01,0.000000000000000000e+00,7.172059129358883400e-02
1.200000000000299849e+01,1.000000000000000000e+00,2.440108287318082936e-01
1.240000000000300417e+01,0.000000000000000000e+00,6.175675075978530604e-01
1.280000000000300986e+01,1.000000000000000000e+00,1.042395706093148577e+00
1.320000000000301554e+01,4.000000000000000000e+00,1.538440969489768051e+00
1.360000000000302123e+01,3.000000000000000000e+00,2.002696729596662006e+00
1.400000000000302691e+01,3.000000000000000000e+00,2.444625245028793969e+00
1.440000000000303260e+01,5.000000000000000000e+00,2.756110475542038252e+00
1.480000000000303828e+01,3.000000000000000000e+00,3.063381111613914687e+00
1.520000000000304397e+01,4.000000000000000000e+00,3.314801949724780261e+00
1.560000000000304965e+01,6.000000000000000000e+00,3.556881474269939947e+00
1.600000000000305533e+01,5.000000000000000000e+00,3.775648489283033538e+00
1.640000000000306102e+01,4.000000000000000000e+00,3.966167002202012348e+00
1.680000000000306670e+01,6.000000000000000000e+00,4.144879537530496982e+00
1.720000000000307239e+01,5.000000000000000000e+00,4.315882358375912276e+00
1.760000000000307807e+01,6.000000000000000000e+00,4.490921962705592740e+00
1.800000000000308376e+01,1.200000000000000000e+01,4.665949862585700103e+00
1.840000000000308944e+01,5.000000000000000000e+00,4.814710296956834057e+00
1.880000000000309512e+01,5.000000000000000000e+00,4.971025860676133057e+00
1.920000000000310081e+01,8.000000000000000000e+00,5.179984337999147925e+00
1.960000000000310649e+01,3.000000000000000000e+00,5.368164276954593639e+00
2.000000000000311218e+01,1.200000000000000000e+01,5.622980320206489857e+00
2.040000000000311786e+01,8.000000000000000000e+00,5.892319738045411093e+00
2.080000000000312355e+01,2.000000000000000000e+00,6.199572812290594648e+00
2.120000000000312923e+01,1.200000000000000000e+01,6.550364924598485850e+00
2.160000000000313491e+01,9.000000000000000000e+00,6.879747195125156090e+00
2.200000000000314060e+01,9.000000000000000000e+00,7.195092918669489634e+00
2.240000000000314628e+01,1.100000000000000000e+01,7.520614836144769555e+00
2.280000000000315197e+01,2.000000000000000000e+01,7.872780702609116332e+00
2.320000000000315765e+01,2.000000000000000000e+01,8.230510385852209509e+00
2.360000000000316334e+01,3.400000000000000000e+01,8.602655160318009919e+00
2.400000000000316902e+01,5.000000000000000000e+01,8.944734596030855300e+00
2.440000000000317470e+01,1.010000000000000000e+02,9.283659934558841087e+00
2.480000000000318039e+01,2.350000000000000000e+02,9.656018535779100631e+00
2.520000000000318607e+01,4.390000000000000000e+02,1.005337169327621538e+01
2.560000000000319176e+01,7.110000000000000000e+02,1.041728299960861115e+01
2.600000000000319744e+01,8.410000000000000000e+02,1.076900279683552419e+01
2.640000000000320313e+01,7.890000000000000000e+02,1.112382827953300790e+01
2.680000000000320881e+01,6.560000000000000000e+02,1.138162257755930717e+01
2.720000000000321450e+01,4.770000000000000000e+02,1.165455706763958155e+01
2.760000000000322018e+01,3.040000000000000000e+02,1.184401419155884305e+01
2.800000000000322586e+01,1.740000000000000000e+02,1.198016848895847808e+01
2.840000000000323155e+01,1.280000000000000000e+02,1.210581387114556229e+01
2.880000000000323723e+01,8.800000000000000000e+01,1.221963805950412230e+01
2.920000000000324292e+01,8.500000000000000000e+01,1.227528976443863939e+01
2.960000000000324860e+01,7.600000000000000000e+01,1.236891289656602311e+01
3.000000000000325429e+01,6.500000000000000000e+01,1.237413925877260468e+01
3.040000000000325997e+01,5.700000000000000000e+01,1.239344064354461317e+01
3.080000000000326565e+01,5.000000000000000000e+01,1.243903903236501840e+01
3.120000000000327134e+01,4.800000000000000000e+01,1.246966877724432976e+01
3.160000000000327702e+01,4.700000000000000000e+01,1.248097589056226830e+01
3.200000000000328271e+01,3.000000000000000000e+01,1.249044485115352288e+01
3.240000000000328839e+01,3.900000000000000000e+01,1.256718432095705928e+01
3.280000000000329408e+01,3.600000000000000000e+01,1.261559050175950780e+01
3.320000000000329976e+01,3.500000000000000000e+01,1.266887544215741457e+01
3.360000000000330544e+01,2.900000000000000000e+01,1.267600315040382419e+01
3.400000000000331113e+01,3.100000000000000000e+01,1.272705429418766521e+01
3.440000000000331681e+01,2.200000000000000000e+01,1.278677631505492585e+01
3.480000000000332250e+01,2.300000000000000000e+01,1.286290452001940743e+01
3.520000000000332818e+01,2.300000000000000000e+01,1.297261788078162326e+01
3.560000000000333387e+01,2.800000000000000000e+01,1.305270088748689972e+01
3.600000000000333955e+01,2.300000000000000000e+01,1.310726402061532880e+01
3.640000000000334524e+01,2.400000000000000000e+01,1.317160514094590518e+01
3.680000000000335092e+01,1.900000000000000000e+01,1.324704356451166198e+01
3.720000000000335660e+01,2.900000000000000000e+01,1.330831742543662877e+01
3.760000000000336229e+01,2.500000000000000000e+01,1.341395904273323225e+01
3.800000000000336797e+01,2.900000000000000000e+01,1.349454043929697100e+01
3.840000000000337366e+01,3.400000000000000000e+01,1.356818459804625299e+01
3.880000000000337934e+01,4.000000000000000000e+01,1.366581224736976274e+01
3.920000000000338503e+01,3.600000000000000000e+01,1.373566842009327793e+01
3.960000000000339071e+01,4.200000000000000000e+01,1.382006409379211220e+01
4.000000000000339639e+01,4.300000000000000000e+01,1.388154132002117080e+01
4.040000000000340208e+01,3.600000000000000000e+01,1.395655560200149381e+01
4.080000000000340776e+01,3.600000000000000000e+01,1.401303437177095468e+01
4.120000000000341345e+01,4.600000000000000000e+01,1.409591715711855997e+01
4.160000000000341913e+01,4.000000000000000000e+01,1.416540380538079447e+01
4.200000000000342482e+01,4.400000000000000000e+01,1.422438981925617973e+01
4.240000000000343050e+01,4.800000000000000000e+01,1.429662552782451357e+01
4.280000000000343618e+01,3.500000000000000000e+01,1.435432010749127585e+01
4.320000000000344187e+01,5.400000000000000000e+01,1.440569911677921056e+01
4.360000000000344755e+01,4.600000000000000000e+01,1.444476661682927698e+01
4.400000000000345324e+01,4.500000000000000000e+01,1.446209419699504473e+01
4.440000000000345892e+01,4.600000000000000000e+01,1.446618846317862861e+01
4.480000000000346461e+01,4.000000000000000000e+01,1.450197368795227959e+01
4.520000000000347029e+01,6.300000000000000000e+01,1.449029335340842550e+01
4.560000000000347598e+01,4.400000000000000000e+01,1.447149861701485563e+01
4.600000000000348166e+01,3.600000000000000000e+01,1.444201534369091000e+01
4.640000000000348734e+01,3.200000000000000000e+01,1.440454769514453304e+01
4.680000000000349303e+01,3.300000000000000000e+01,1.432689090477878580e+01
4.720000000000349871e+01,4.400000000000000000e+01,1.424227169145903282e+01
4.760000000000350440e+01,3.600000000000000000e+01,1.415971113927575864e+01
4.800000000000351008e+01,3.800000000000000000e+01,1.408405112756396349e+01
4.840000000000351577e+01,3.200000000000000000e+01,1.398320284490767484e+01
4.880000000000352145e+01,3.700000000000000000e+01,1.385987619128737158e+01
4.920000000000352713e+01,2.600000000000000000e+01,1.373060550379903866e+01
4.960000000000353282e+01,3.600000000000000000e+01,1.359431062891199460e+01
5.000000000000353850e+01,1.700000000000000000e+01,1.347682839146350986e+01
5.040000000000354419e+01,3.800000000000000000e+01,1.334645419536678190e+01
5.080000000000354987e+01,2.300000000000000000e+01,1.323180372263197668e+01
5.120000000000355556e+01,2.900000000000000000e+01,1.311639677238212087e+01
5.160000000000356124e+01,2.300000000000000000e+01,1.298277881432384184e+01
5.200000000000356692e+01,2.300000000000000000e+01,1.285123199037622044e+01
5.240000000000357261e+01,3.000000000000000000e+01,1.271407735843676434e+01
5.280000000000357829e+01,2.900000000000000000e+01,1.258452452196587146e+01
5.320000000000358398e+01,3.200000000000000000e+01,1.241866331302231785e+01
5.360000000000358966e+01,3.400000000000000000e+01,1.222937543758019352e+01
5.400000000000359535e+01,3.800000000000000000e+01,1.205456089228426464e+01
5.440000000000360103e+01,3.700000000000000000e+01,1.191567087639536737e+01
5.480000000000360671e+01,3.600000000000000000e+01,1.175685869700542341e+01
5.520000000000361240e+01,3.700000000000000000e+01,1.161210281986016923e+01
5.560000000000361808e+01,3.900000000000000000e+01,1.145736409970385949e+01
5.600000000000362377e+01,2.500000000000000000e+01,1.131122430181606120e+01
5.640000000000362945e+01,3.200000000000000000e+01,1.116974413327653792e+01
5.680000000000360671e+01,3.500000000000000000e+01,1.099736042054190222e+01
5.720000000000364082e+01,3.400000000000000000e+01,1.081470013109795580e+01
5.760000000000367493e+01,3.900000000000000000e+01,1.064008105204231747e+01
5.800000000000365219e+01,4.900000000000000000e+01,1.046732600770228494e+01
5.840000000000362945e+01,6.400000000000000000e+01,1.029423736755599705e+01
5.880000000000366356e+01,7.700000000000000000e+01,1.014674627219737246e+01
5.920000000000369766e+01,9.500000000000000000e+01,9.990789521880248714e+00
5.960000000000367493e+01,1.360000000000000000e+02,9.833903144850912881e+00
6.000000000000365219e+01,1.910000000000000000e+02,9.656224507870474483e+00
6.040000000000368630e+01,2.560000000000000000e+02,9.484061101211459288e+00
6.080000000000372040e+01,2.700000000000000000e+02,9.318971130534265512e+00
6.120000000000369766e+01,3.360000000000000000e+02,9.173508702562575223e+00
6.160000000000367493e+01,3.760000000000000000e+02,9.044224193344660989e+00
6.200000000000370903e+01,4.080000000000000000e+02,8.912033502959623377e+00
6.240000000000374314e+01,5.270000000000000000e+02,8.757558894519345216e+00
6.280000000000372040e+01,4.850000000000000000e+02,8.593942477020702242e+00
6.320000000000369766e+01,5.300000000000000000e+02,8.475773678527245281e+00
6.360000000000373177e+01,5.440000000000000000e+02,8.350430936088992340e+00
6.400000000000376588e+01,5.380000000000000000e+02,8.221377689421553114e+00
6.440000000000374314e+01,5.710000000000000000e+02,8.104567616870761881e+00
6.480000000000372040e+01,5.300000000000000000e+02,7.987553918203769143e+00
6.520000000000375451e+01,5.020000000000000000e+02,7.846976045182735504e+00
6.560000000000378861e+01,4.610000000000000000e+02,7.706535749402872781e+00
6.600000000000376588e+01,4.270000000000000000e+02,7.578520196076404147e+00
6.640000000000374314e+01,3.370000000000000000e+02,7.460305308993775419e+00
6.680000000000377725e+01,3.040000000000000000e+02,7.357805291438838324e+00
6.720000000000381135e+01,2.680000000000000000e+02,7.232959002575560348e+00
6.760000000000378861e+01,2.390000000000000000e+02,7.101060760859204457e+00
6.800000000000376588e+01,1.680000000000000000e+02,6.981633050044877109e+00
6.840000000000379998e+01,1.410000000000000000e+02,6.872753586433574036e+00
6.880000000000383409e+01,1.150000000000000000e+02,6.765309719417928136e+00
6.920000000000381135e+01,8.500000000000000000e+01,6.663878568542578762e+00
6.960000000000378861e+01,9.800000000000000000e+01,6.564042264810220573e+00
7.000000000000382272e+01,6.500000000000000000e+01,6.450949001940193384e+00
7.040000000000385683e+01,6.500000000000000000e+01,6.342433919791879759e+00
7.080000000000383409e+01,5.000000000000000000e+01,6.237788555706825555e+00
7.120000000000381135e+01,5.200000000000000000e+01,6.133559343518368401e+00
7.160000000000384546e+01,4.300000000000000000e+01,6.029515705326502939e+00
7.200000000000387956e+01,4.400000000000000000e+01,5.923950833500834179e+00
7.240000000000385683e+01,4.300000000000000000e+01,5.824950584446855650e+00
7.280000000000383409e+01,4.700000000000000000e+01,5.731208060135069005e+00
7.320000000000386819e+01,3.700000000000000000e+01,5.636536996564675661e+00
7.360000000000390230e+01,3.200000000000000000e+01,5.539065983591195064e+00
7.400000000000387956e+01,3.600000000000000000e+01,5.439688861457987912e+00
7.440000000000385683e+01,3.700000000000000000e+01,5.342093748454315616e+00
7.480000000000389093e+01,3.500000000000000000e+01,5.248144048583060162e+00
7.520000000000392504e+01,3.400000000000000000e+01,5.155524682510871592e+00
7.560000000000390230e+01,2.800000000000000000e+01,5.067864016638647939e+00
7.600000000000387956e+01,3.100000000000000000e+01,4.984859413415598794e+00
7.640000000000391367e+01,2.500000000000000000e+01,4.902235756881470508e+00
7.680000000000394778e+01,3.200000000000000000e+01,4.821095605090053304e+00
7.720000000000392504e+01,2.400000000000000000e+01,4.742035977961207571e+00
7.760000000000390230e+01,2.700000000000000000e+01,4.661638269180286009e+00
7.800000000000393641e+01,2.700000000000000000e+01,4.581833186095861876e+00
7.840000000000397051e+01,2.000000000000000000e+01,4.495834115990880342e+00
7.880000000000394778e+01,2.300000000000000000e+01,4.407945669023778379e+00
7.920000000000392504e+01,2.100000000000000000e+01,4.321916116624180404e+00
7.960000000000395914e+01,2.300000000000000000e+01,4.235489994666091107e+00
8.000000000000399325e+01,2.200000000000000000e+01,4.139183511550654337e+00
8.040000000000397051e+01,2.400000000000000000e+01,4.046094415288156831e+00
8.080000000000394778e+01,1.700000000000000000e+01,3.956506628309651941e+00
8.120000000000398188e+01,1.300000000000000000e+01,3.869418918074288172e+00
8.160000000000401599e+01,1.700000000000000000e+01,3.792651523597557528e+00
8.200000000000399325e+01,1.700000000000000000e+01,3.717809204747537954e+00
8.240000000000397051e+01,1.500000000000000000e+01,3.642040608391417855e+00
8.280000000000400462e+01,1.200000000000000000e+01,3.569733508494057350e+00
8.320000000000403872e+01,1.800000000000000000e+01,3.500035959984930667e+00
8.360000000000401599e+01,1.100000000000000000e+01,3.422840671149063319e+00
8.400000000000399325e+01,1.900000000000000000e+01,3.346951481722862276e+00
8.440000000000402736e+01,9.000000000000000000e+00,3.273373342579814604e+00
8.480000000000406146e+01,1.400000000000000000e+01,3.202048607605483710e+00
8.520000000000403872e+01,1.000000000000000000e+01,3.132517357387915702e+00
8.560000000000401599e+01,1.200000000000000000e+01,3.057753772355612298e+00
8.600000000000405009e+01,1.300000000000000000e+01,2.983629427706602222e+00
8.640000000000408420e+01,5.000000000000000000e+00,2.911517280899586169e+00
8.680000000000406146e+01,7.000000000000000000e+00,2.841351278841771855e+00
8.720000000000403872e+01,7.000000000000000000e+00,2.771157532054951300e+00
8.760000000000407283e+01,7.000000000000000000e+00,2.702552162258339497e+00
8.800000000000410694e+01,5.000000000000000000e+00,2.633221768320164191e+00
8.840000000000408420e+01,2.000000000000000000e+00,2.567067925692771979e+00
8.880000000000406146e+01,1.800000000000000000e+01,2.502630039521143601e+00
8.920000000000409557e+01,4.000000000000000000e+00,2.436805428564021714e+00
8.960000000000412967e+01,1.000000000000000000e+01,2.372539164728741490e+00
9.000000000000410694e+01,1.000000000000000000e+01,2.310249119612798996e+00
9.040000000000408420e+01,5.000000000000000000e+00,2.249020047730179606e+00
9.080000000000411831e+01,8.000000000000000000e+00,2.186462206816399689e+00
9.120000000000415241e+01,9.000000000000000000e+00,2.124588907396586457e+00
9.160000000000412967e+01,6.000000000000000000e+00,2.063514608373059556e+00
9.200000000000410694e+01,8.000000000000000000e+00,2.004104979930318997e+00
9.240000000000414104e+01,4.000000000000000000e+00,1.945621835893030172e+00
9.280000000000417515e+01,6.000000000000000000e+00,1.888308892798103322e+00
9.320000000000415241e+01,5.000000000000000000e+00,1.832573863207977549e+00
9.360000000000412967e+01,3.000000000000000000e+00,1.774199026803813695e+00
9.400000000000416378e+01,7.000000000000000000e+00,1.715144074328883939e+00
9.440000000000419789e+01,3.000000000000000000e+00,1.657722480976082657e+00
9.480000000000417515e+01,5.000000000000000000e+00,1.602161271382590346e+00
9.520000000000415241e+01,5.000000000000000000e+00,1.548821652367735391e+00
9.560000000000418652e+01,1.000000000000000000e+00,1.496888199422632626e+00
9.600000000000422062e+01,5.000000000000000000e+00,1.446316369502864019e+00
9.640000000000419789e+01,4.000000000000000000e+00,1.396685735335888578e+00
9.680000000000417515e+01,4.000000000000000000e+00,1.348282940192697898e+00
9.720000000000420926e+01,7.000000000000000000e+00,1.299013753707629171e+00
9.760000000000424336e+01,1.000000000000000000e+00,1.250078512154713328e+00
9.800000000000422062e+01,0.000000000000000000e+00,1.200697206975771314e+00
9.840000000000419789e+01,0.000000000000000000e+00,1.152713679729152174e+00
9.880000000000423199e+01,2.000000000000000000e+00,1.106082077236395733e+00
9.920000000000426610e+01,1.000000000000000000e+00,1.060927957327120197e+00
9.960000000000424336e+01,1.000000000000000000e+00,1.017562924783497191e+00
1.000000000000042206e+02,3.000000000000000000e+00,9.753605078588967192e-01
1.004000000000042547e+02,0.000000000000000000e+00,9.342839200992090198e-01
1.008000000000042888e+02,0.000000000000000000e+00,8.942904516067192722e-01
1.012000000000042661e+02,1.000000000000000000e+00,8.559527399903915645e-01
1.016000000000042434e+02,3.000000000000000000e+00,8.214394618601333908e-01
1.020000000000042775e+02,0.000000000000000000e+00,7.878360560603914209e-01
1.024000000000043116e+02,5.000000000000000000e+00,7.551141923589540506e-01
1.028000000000042888e+02,1.000000000000000000e+00,7.227932780703494320e-01
1.032000000000042661e+02,0.000000000000000000e+00,6.909357777524777200e-01
1.036000000000043002e+02,2.000000000000000000e+00,6.599577055065073417e-01
1.040000000000043343e+02,1.000000000000000000e+00,6.298311133724067146e-01
1.044000000000043116e+02,0.000000000000000000e+00,6.005290420075998226e-01
1.048000000000042888e+02,0.000000000000000000e+00,5.717946552810883043e-01
1.052000000000043229e+02,2.000000000000000000e+00,5.437309960226409666e-01
1.056000000000043570e+02,2.000000000000000000e+00,5.164515559547052659e-01
1.060000000000043343e+02,0.000000000000000000e+00,4.899314384354009344e-01
1.064000000000043116e+02,1.000000000000000000e+00,4.658046098217470399e-01
1.068000000000043457e+02,4.000000000000000000e+00,4.452840037244279459e-01
1.072000000000043798e+02,1.000000000000000000e+00,4.253299534780768942e-01
1.076000000000043570e+02,0.000000000000000000e+00,4.059141579971014546e-01
1.080000000000043343e+02,0.000000000000000000e+00,3.870199674619921315e-01
1.084000000000043684e+02,2.000000000000000000e+00,3.686313049619586724e-01
1.088000000000044025e+02,1.000000000000000000e+00,3.507326449709752825e-01
1.092000000000043798e+02,1.000000000000000000e+00,3.332968025768185405e-01
1.096000000000043570e+02,0.000000000000000000e+00,3.163130100605254791e-01
1.100000000000043912e+02,0.000000000000000000e+00,2.997780178290792574e-01
1.104000000000044253e+02,1.000000000000000000e+00,2.836782116601520021e-01
1.108000000000044025e+02,0.000000000000000000e+00,2.680004371925219786e-01
1.112000000000043798e+02,1.000000000000000000e+00,2.527319829458881117e-01
1.116000000000044139e+02,0.000000000000000000e+00,2.378176521370473084e-01
1.120000000000044480e+02,0.000000000000000000e+00,2.231000551298372159e-01
1.124000000000044253e+02,0.000000000000000000e+00,2.087863666810005348e-01
1.128000000000044025e+02,1.000000000000000000e+00,1.952860338430903175e-01
1.132000000000044366e+02,0.000000000000000000e+00,1.855783751109160440e-01
1.136000000000044707e+02,0.000000000000000000e+00,1.761294007941205109e-01
1.140000000000044480e+02,0.000000000000000000e+00,1.669313421467713277e-01
1.144000000000044253e+02,0.000000000000000000e+00,1.579719727992178746e-01
1.148000000000044594e+02,0.000000000000000000e+00,1.492134632605237599e-01
1.152000000000044935e+02,0.000000000000000000e+00,1.406887110456811751e-01
1.156000000000044707e+02,1.000000000000000000e+00,1.323907356953489545e-01
1.160000000000044480e+02,0.000000000000000000e+00,1.243127866079657279e-01
1.164000000000044821e+02,0.000000000000000000e+00,1.164483347948966352e-01
1.168000000000045162e+02,0.000000000000000000e+00,1.087910649543217395e-01
1.172000000000044935e+02,0.000000000000000000e+00,1.013348678507085820e-01
1.176000000000044707e+02,0.000000000000000000e+00,9.407215093740346756e-02
1.180000000000045048e+02,0.000000000000000000e+00,8.699334800320271399e-02
1.184000000000045389e+02,0.000000000000000000e+00,8.009962425233921324e-02
1.188000000000045162e+02,0.000000000000000000e+00,7.338557666447083350e-02
1.192000000000044935e+02,0.000000000000000000e+00,6.684597610858714067e-02
1.196000000000045276e+02,0.000000000000000000e+00,6.047576124339117815e-02
1.200000000000045617e+02,0.000000000000000000e+00,5.427003264852200276e-02
1.204000000000045389e+02,0.000000000000000000e+00,4.822404717728335372e-02
1.208000000000045162e+02,0.000000000000000000e+00,4.233321252193401191e-02
1.212000000000045503e+02,0.000000000000000000e+00,3.659684322032745463e-02
1.216000000000045844e+02,0.000000000000000000e+00,3.310960963319713179e-02
1.220000000000045617e+02,0.000000000000000000e+00,3.161262392471656663e-02
1.224000000000045389e+02,0.000000000000000000e+00,3.015103795649183571e-02
1.228000000000045731e+02,0.000000000000000000e+00,2.872388400642986173e-02
1.232000000000046072e+02,0.000000000000000000e+00,2.733022398846489398e-02
1.236000000000045844e+02,0.000000000000000000e+00,2.596914845457584664e-02
1.240000000000045617e+02,0.000000000000000000e+00,2.463977563326856177e-02
1.244000000000045958e+02,0.000000000000000000e+00,2.334125050309299523e-02
1.248000000000046299e+02,0.000000000000000000e+00,2.207274389982479684e-02
1.252000000000046072e+02,0.000000000000000000e+00,2.083308544773664409e-02
1.256000000000045844e+02,0.000000000000000000e+00,1.961518892850113230e-02
1.260000000000046185e+02,0.000000000000000000e+00,1.842584218724178241e-02
1.264000000000046526e+02,0.000000000000000000e+00,1.726427835911345521e-02
1.268000000000046299e+02,0.000000000000000000e+00,1.612975357561910461e-02
1.272000000000046072e+02,0.000000000000000000e+00,1.502154620723054543e-02
1.276000000000046413e+02,0.000000000000000000e+00,1.393895613307228817e-02
1.280000000000046612e+02,0.000000000000000000e+00,1.288130403663217440e-02
1.284000000000046384e+02,0.000000000000000000e+00,1.184793072649845992e-02
1.288000000000046157e+02,0.000000000000000000e+00,1.083819648117136450e-02
1.292000000000046498e+02,0.000000000000000000e+00,9.851480417028910669e-03
1.296000000000046839e+02,0.000000000000000000e+00,8.887179878570137040e-03
1.300000000000046612e+02,0.000000000000000000e+00,7.944685857370122756e-03
1.304000000000046384e+02,0.000000000000000000e+00,7.023328245202593162e-03
1.308000000000046725e+02,0.000000000000000000e+00,6.122721334162841735e-03
1.312000000000047066e+02,0.000000000000000000e+00,5.242328214637969816e-03
1.316000000000046839e+02,0.000000000000000000e+00,4.381627512569283810e-03
1.320000000000046612e+02,0.000000000000000000e+00,3.540112895019786789e-03
1.324000000000046953e+02,0.000000000000000000e+00,2.717292592838255107e-03
1.328000000000047294e+02,0.000000000000000000e+00,1.912688939787163950e-03
1.332000000000047066e+02,0.000000000000000000e+00,1.125837927520873232e-03
1.336000000000046839e+02,0.000000000000000000e+00,3.562887758288385250e-04
1.340000000000047180e+02,0.000000000000000000e+00,0.000000000000000000e+00
1.344000000000047521e+02,0.000000000000000000e+00,0.000000000000000000e+00
1.348000000000047294e+02,0.000000000000000000e+00,0.000000000000000000e+00
1.352000000000047066e+02,0.000000000000000000e+00,0.000000000000000000e+00
1.356000000000047407e+02,0.000000000000000000e+00,0.000000000000000000e+00
1.360000000000047748e+02,0.000000000000000000e+00,0.000000000000000000e+00
1.364000000000047521e+02,0.000000000000000000e+00,0.000000000000000000e+00
1.368000000000047294e+02,0.000000000000000000e+00,0.000000000000000000e+00
1.372000000000047635e+02,0.000000000000000000e+00,0.000000000000000000e+00
1.376000000000047976e+02,0.000000000000000000e+00,0.000000000000000000e+00
1.380000000000047748e+02,0.000000000000000000e+00,0.000000000000000000e+00
1.384000000000047521e+02,0.000000000000000000e+00,0.000000000000000000e+00
1.388000000000047862e+02,0.000000000000000000e+00,0.000000000000000000e+00
1.392000000000048203e+02,0.000000000000000000e+00,0.000000000000000000e+00
1.396000000000047976e+02,0.000000000000000000e+00,0.000000000000000000e+00
1.400000000000047748e+02,0.000000000000000000e+00,0.000000000000000000e+00
1.404000000000048090e+02,0.000000000000000000e+00,0.000000000000000000e+00
1.408000000000048431e+02,0.000000000000000000e+00,0.000000000000000000e+00
1.412000000000048203e+02,0.000000000000000000e+00,0.000000000000000000e+00
1.416000000000047976e+02,0.000000000000000000e+00,0.000000000000000000e+00
1.420000000000048317e+02,0.000000000000000000e+00,0.000000000000000000e+00
1.424000000000048658e+02,0.000000000000000000e+00,0.000000000000000000e+00
1.428000000000048431e+02,0.000000000000000000e+00,0.000000000000000000e+00
1.432000000000048203e+02,0.000000000000000000e+00,0.000000000000000000e+00
1.436000000000048544e+02,0.000000000000000000e+00,0.000000000000000000e+00
1.440000000000048885e+02,0.000000000000000000e+00,0.000000000000000000e+00
1.444000000000048658e+02,0.000000000000000000e+00,0.000000000000000000e+00
1.448000000000048431e+02,0.000000000000000000e+00,0.000000000000000000e+00
1.452000000000048772e+02,0.000000000000000000e+00,0.000000000000000000e+00
1.456000000000049113e+02,0.000000000000000000e+00,0.000000000000000000e+00
1.460000000000048885e+02,0.000000000000000000e+00,0.000000000000000000e+00
1.464000000000048658e+02,0.000000000000000000e+00,0.000000000000000000e+00
1.468000000000048999e+02,0.000000000000000000e+00,0.000000000000000000e+00
1.472000000000049340e+02,0.000000000000000000e+00,0.000000000000000000e+00
1.476000000000049113e+02,0.000000000000000000e+00,0.000000000000000000e+00
1.480000000000048885e+02,0.000000000000000000e+00,0.000000000000000000e+00
1.484000000000049226e+02,0.000000000000000000e+00,0.000000000000000000e+00
1.488000000000049567e+02,0.000000000000000000e+00,0.000000000000000000e+00
1.492000000000049340e+02,0.000000000000000000e+00,0.000000000000000000e+00
1.496000000000049113e+02,0.000000000000000000e+00,0.000000000000000000e+00
1.500000000000049454e+02,0.000000000000000000e+00,0.000000000000000000e+00
1.504000000000049795e+02,0.000000000000000000e+00,0.000000000000000000e+00
1.508000000000049567e+02,0.000000000000000000e+00,0.000000000000000000e+00
1.512000000000049340e+02,0.000000000000000000e+00,0.000000000000000000e+00
1.516000000000049681e+02,0.000000000000000000e+00,0.000000000000000000e+00
1.520000000000050022e+02,0.000000000000000000e+00,0.000000000000000000e+00
1.524000000000049795e+02,0.000000000000000000e+00,0.000000000000000000e+00
1.528000000000049567e+02,0.000000000000000000e+00,0.000000000000000000e+00
1.532000000000049909e+02,0.000000000000000000e+00,0.000000000000000000e+00
1.536000000000050250e+02,0.000000000000000000e+00,0.000000000000000000e+00
1.540000000000050022e+02,0.000000000000000000e+00,0.000000000000000000e+00
1.544000000000049795e+02,0.000000000000000000e+00,0.000000000000000000e+00
1.548000000000050136e+02,0.000000000000000000e+00,0.000000000000000000e+00
1.552000000000050477e+02,0.000000000000000000e+00,0.000000000000000000e+00
1.556000000000050250e+02,0.000000000000000000e+00,0.000000000000000000e+00
1.560000000000050022e+02,0.000000000000000000e+00,0.000000000000000000e+00
1.564000000000050363e+02,0.000000000000000000e+00,0.000000000000000000e+00
1.568000000000050704e+02,0.000000000000000000e+00,0.000000000000000000e+00
1.572000000000050477e+02,0.000000000000000000e+00,0.000000000000000000e+00
1.576000000000050250e+02,0.000000000000000000e+00,0.000000000000000000e+00
1.580000000000050591e+02,0.000000000000000000e+00,0.000000000000000000e+00
1.584000000000050932e+02,0.000000000000000000e+00,0.000000000000000000e+00
1.588000000000050704e+02,0.000000000000000000e+00,0.000000000000000000e+00
1.592000000000050477e+02,0.000000000000000000e+00,0.000000000000000000e+00
1.596000000000050818e+02,0.000000000000000000e+00,0.000000000000000000e+00
1.600000000000051159e+02,0.000000000000000000e+00,0.000000000000000000e+00
1.604000000000050932e+02,0.000000000000000000e+00,0.000000000000000000e+00
1.608000000000050704e+02,0.000000000000000000e+00,0.000000000000000000e+00
1.612000000000051045e+02,0.000000000000000000e+00,0.000000000000000000e+00
1.616000000000051386e+02,0.000000000000000000e+00,0.000000000000000000e+00
1.620000000000051159e+02,0.000000000000000000e+00,0.000000000000000000e+00
1.624000000000050932e+02,0.000000000000000000e+00,0.000000000000000000e+00
1.628000000000051273e+02,0.000000000000000000e+00,0.000000000000000000e+00
1.632000000000051614e+02,0.000000000000000000e+00,0.000000000000000000e+00
1.636000000000051386e+02,0.000000000000000000e+00,0.000000000000000000e+00
1.640000000000051159e+02,0.000000000000000000e+00,0.000000000000000000e+00
1.644000000000051500e+02,0.000000000000000000e+00,0.000000000000000000e+00
1.648000000000051841e+02,0.000000000000000000e+00,0.000000000000000000e+00
1.652000000000051614e+02,0.000000000000000000e+00,0.000000000000000000e+00
1.656000000000051386e+02,0.000000000000000000e+00,0.000000000000000000e+00
1.660000000000051728e+02,0.000000000000000000e+00,0.000000000000000000e+00
1.664000000000052069e+02,0.000000000000000000e+00,0.000000000000000000e+00
1.668000000000051841e+02,0.000000000000000000e+00,0.000000000000000000e+00
1.672000000000051614e+02,0.000000000000000000e+00,0.000000000000000000e+00
1.676000000000051955e+02,0.000000000000000000e+00,0.000000000000000000e+00
1.680000000000052296e+02,0.000000000000000000e+00,0.000000000000000000e+00
1.684000000000052069e+02,0.000000000000000000e+00,0.000000000000000000e+00
1.688000000000051841e+02,0.000000000000000000e+00,0.000000000000000000e+00
1.692000000000052182e+02,0.000000000000000000e+00,0.000000000000000000e+00
1.696000000000052523e+02,0.000000000000000000e+00,0.000000000000000000e+00
1.700000000000052296e+02,0.000000000000000000e+00,0.000000000000000000e+00
1.704000000000052069e+02,0.000000000000000000e+00,0.000000000000000000e+00
1.708000000000052410e+02,0.000000000000000000e+00,0.000000000000000000e+00
1.712000000000052751e+02,0.000000000000000000e+00,0.000000000000000000e+00
1.716000000000052523e+02,0.000000000000000000e+00,0.000000000000000000e+00
1.720000000000052296e+02,0.000000000000000000e+00,0.000000000000000000e+00
1.724000000000052637e+02,0.000000000000000000e+00,0.000000000000000000e+00
1.728000000000052978e+02,0.000000000000000000e+00,0.000000000000000000e+00
1.732000000000052751e+02,0.000000000000000000e+00,0.000000000000000000e+00
1.736000000000052523e+02,0.000000000000000000e+00,0.000000000000000000e+00
1.740000000000052864e+02,0.000000000000000000e+00,0.000000000000000000e+00
1.744000000000053205e+02,0.000000000000000000e+00,0.000000000000000000e+00
1.748000000000052978e+02,0.000000000000000000e+00,0.000000000000000000e+00
1.752000000000052751e+02,0.000000000000000000e+00,0.000000000000000000e+00
1.756000000000053092e+02,0.000000000000000000e+00,0.000000000000000000e+00
1.760000000000053433e+02,0.000000000000000000e+00,0.000000000000000000e+00
1.764000000000053205e+02,0.000000000000000000e+00,0.000000000000000000e+00
1.768000000000052978e+02,0.000000000000000000e+00,0.000000000000000000e+00
1.772000000000053319e+02,0.000000000000000000e+00,0.000000000000000000e+00
1.776000000000053660e+02,0.000000000000000000e+00,0.000000000000000000e+00
1.780000000000053433e+02,0.000000000000000000e+00,0.000000000000000000e+00
1.784000000000053205e+02,0.000000000000000000e+00,0.000000000000000000e+00
1.788000000000053547e+02,0.000000000000000000e+00,0.000000000000000000e+00
1.792000000000053888e+02,0.000000000000000000e+00,0.000000000000000000e+00
1.796000000000053660e+02,0.000000000000000000e+00,0.000000000000000000e+00
1.800000000000053433e+02,0.000000000000000000e+00,0.000000000000000000e+00
1.804000000000053774e+02,0.000000000000000000e+00,0.000000000000000000e+00
1.808000000000054115e+02,0.000000000000000000e+00,0.000000000000000000e+00
1.812000000000053888e+02,0.000000000000000000e+00,0.000000000000000000e+00
1.816000000000053660e+02,0.000000000000000000e+00,0.000000000000000000e+00
1.820000000000054001e+02,0.000000000000000000e+00,0.000000000000000000e+00
1.824000000000054342e+02,0.000000000000000000e+00,0.000000000000000000e+00
1.828000000000054115e+02,0.000000000000000000e+00,0.000000000000000000e+00
1.832000000000053888e+02,0.000000000000000000e+00,0.000000000000000000e+00
1.836000000000054229e+02,0.000000000000000000e+00,0.000000000000000000e+00
1.840000000000054570e+02,0.000000000000000000e+00,0.000000000000000000e+00
1.844000000000054342e+02,0.000000000000000000e+00,0.000000000000000000e+00
1.848000000000054115e+02,0.000000000000000000e+00,0.000000000000000000e+00
1.852000000000054456e+02,0.000000000000000000e+00,0.000000000000000000e+00
1.856000000000054797e+02,0.000000000000000000e+00,0.000000000000000000e+00
1.860000000000054570e+02,0.000000000000000000e+00,0.000000000000000000e+00
1.864000000000054342e+02,0.000000000000000000e+00,0.000000000000000000e+00
1.868000000000054683e+02,0.000000000000000000e+00,0.000000000000000000e+00
1.872000000000055024e+02,0.000000000000000000e+00,0.000000000000000000e+00
1.876000000000054797e+02,0.000000000000000000e+00,0.000000000000000000e+00
1.880000000000054570e+02,0.000000000000000000e+00,0.000000000000000000e+00
1.884000000000054911e+02,0.000000000000000000e+00,0.000000000000000000e+00
1.888000000000055252e+02,0.000000000000000000e+00,0.000000000000000000e+00
1.892000000000055024e+02,0.000000000000000000e+00,0.000000000000000000e+00
1.896000000000054797e+02,0.000000000000000000e+00,0.000000000000000000e+00
1.900000000000055138e+02,0.000000000000000000e+00,0.000000000000000000e+00
1.904000000000055479e+02,0.000000000000000000e+00,0.000000000000000000e+00
1.908000000000055252e+02,0.000000000000000000e+00,0.000000000000000000e+00
1.912000000000055024e+02,0.000000000000000000e+00,0.000000000000000000e+00
1.916000000000055365e+02,0.000000000000000000e+00,0.000000000000000000e+00
1.920000000000055707e+02,0.000000000000000000e+00,0.000000000000000000e+00
1.924000000000055479e+02,0.000000000000000000e+00,0.000000000000000000e+00
1.928000000000055252e+02,0.000000000000000000e+00,0.000000000000000000e+00
1.932000000000055593e+02,0.000000000000000000e+00,0.000000000000000000e+00
1.936000000000055934e+02,0.000000000000000000e+00,0.000000000000000000e+00
1.940000000000055707e+02,0.000000000000000000e+00,0.000000000000000000e+00
1.944000000000055479e+02,0.000000000000000000e+00,0.000000000000000000e+00
1.948000000000055820e+02,0.000000000000000000e+00,0.000000000000000000e+00
1.952000000000056161e+02,0.000000000000000000e+00,0.000000000000000000e+00
1.956000000000055934e+02,0.000000000000000000e+00,0.000000000000000000e+00
1.960000000000055707e+02,0.000000000000000000e+00,0.000000000000000000e+00
1.964000000000056048e+02,0.000000000000000000e+00,0.000000000000000000e+00
1.968000000000056389e+02,0.000000000000000000e+00,0.000000000000000000e+00
1.972000000000056161e+02,0.000000000000000000e+00,0.000000000000000000e+00
1.976000000000055934e+02,0.000000000000000000e+00,0.000000000000000000e+00
1.980000000000056275e+02,0.000000000000000000e+00,0.000000000000000000e+00
1.984000000000056616e+02,0.000000000000000000e+00,0.000000000000000000e+00
1.988000000000056389e+02,0.000000000000000000e+00,0.000000000000000000e+00
1.992000000000056161e+02,0.000000000000000000e+00,0.000000000000000000e+00
1.996000000000056502e+02,0.000000000000000000e+00,0.000000000000000000e+00
